# k_h
8.000000000000002552e-04
8.121451693928989158e-04
8.244747202102753773e-04
8.369914516316711173e-04
8.496982053322646141e-04
8.625978661280175007e-04
8.756933626306147517e-04
8.889876679123470031e-04
9.024838001810888549e-04
9.161848234655216913e-04
9.300938483107613723e-04
9.442140324845454047e-04
9.585485816941413531e-04
9.731007503141390165e-04
9.878738421252915985e-04
1.002871211064573168e-03
1.018096261986624037e-03
1.033552451436754813e-03
1.049243288435685977e-03
1.065172335276202932e-03
1.081343208331901661e-03
1.097759578878215996e-03
1.114425173925907364e-03
1.131343777067208255e-03
1.148519229334811964e-03
1.165955430073902909e-03
1.183656337827425050e-03
1.201625971234790294e-03
1.219868409944231376e-03
1.238387795539004762e-03
1.257188332477653060e-03
1.276274289048550488e-03
1.295649998338919192e-03
1.315319859218589413e-03
1.335288337338654853e-03
1.355559966145331160e-03
1.376139347909163682e-03
1.397031154769901289e-03
1.418240129797197812e-03
1.439771088067439905e-03
1.461628917756911238e-03
1.483818581251557332e-03
1.506345116273595866e-03
1.529213637025231363e-03
1.552429335349734011e-03
1.575997481910143723e-03
1.599923427385869373e-03
1.624212603687454938e-03
1.648870525189786388e-03
1.673902789984021023e-03
1.699315081148523084e-03
1.725113168039093398e-03
1.751302907598787078e-03
1.777890245687616154e-03
1.804881218432438953e-03
1.832281953597343291e-03
1.860098671974832031e-03
1.888337688798132378e-03
1.917005415174942657e-03
1.946108359542947277e-03
1.975653129147428820e-03
2.005646431541311184e-03
2.036095076107976177e-03
2.067005975607198991e-03
2.098386147744553398e-03
2.130242716764640335e-03
2.162582915068509380e-03
2.195414084855629167e-03
2.228743679790788374e-03
2.262579266696302435e-03
2.296928527269911490e-03
2.331799259828754283e-03
2.367199381079824333e-03
2.403136927917298715e-03
2.439620059247156209e-03
2.476657057839493775e-03
2.514256332208967236e-03
2.552426418523774665e-03
2.591175982543626136e-03
2.630513821587130048e-03
2.670448866529050950e-03
2.710990183827888169e-03
2.752146977584232334e-03
2.793928591630375543e-03
2.836344511651642687e-03
2.879404367339927478e-03
2.923117934579921948e-03
2.967495137668538577e-03
3.012546051568023350e-03
3.058280904193272799e-03
3.104710078733894079e-03
3.151844116011469962e-03
3.199693716872685761e-03
3.248269744618698107e-03
3.297583227471478484e-03
3.347645361077504055e-03
3.398467511049554305e-03
3.450061215547000747e-03
3.502438187895364277e-03
3.555610319245543910e-03
3.609589681273516620e-03
3.664388528920921144e-03
3.720019303177348868e-03
3.776494633904772889e-03
3.833827342704959184e-03
3.892030445830303546e-03
3.951117157138963817e-03
4.011100891094764899e-03
4.071995265812706176e-03
4.133814106150677202e-03
4.196571446848119773e-03
4.260281535712335046e-03
4.324958836853166032e-03
4.390618033966785759e-03
4.457274033669338803e-03
4.524941968881192496e-03
4.593637202262566312e-03
4.663375329701316581e-03
4.734172183853675372e-03
4.806043837738740651e-03
4.879006608387533028e-03
4.953077060547456112e-03
5.028272010442993122e-03
5.104608529593494988e-03
5.182103948688930768e-03
5.260775861524475544e-03
5.340642128994835258e-03
5.421720883149201871e-03
5.504030531307780791e-03
5.587589760240804782e-03
5.672417540410993643e-03
5.758533130280419840e-03
5.845956080682763664e-03
5.934706239261936314e-03
6.024803754978097850e-03
6.116269082682074427e-03
6.209122987759227788e-03
6.303386550843823911e-03
6.399081172604971154e-03
6.496228578605216415e-03
6.594850824232903475e-03
6.694970299709411543e-03
6.796609735172406790e-03
6.899792205836273451e-03
7.004541137230878116e-03
7.110880310519873682e-03
7.218833867899732137e-03
7.328426318080783798e-03
7.439682541851362803e-03
7.552627797726588904e-03
7.667287727682713626e-03
7.783688362978720410e-03
7.901856130066102490e-03
8.021817856588567969e-03
8.143600777472620109e-03
8.267232541110811767e-03
8.392741215638648000e-03
8.520155295307023369e-03
8.649503706951148022e-03
8.780815816557940162e-03
8.914121435932856330e-03
9.049450829468206475e-03
9.186834721013947824e-03
9.326304300853053078e-03
9.467891232782519803e-03
9.611627661302133904e-03
9.757546218912106079e-03
9.905680033521772204e-03
1.005606273597048350e-02
1.020872846766296416e-02
1.036371188832029867e-02
1.052104818384886654e-02
1.068077307432847498e-02
1.084292282212202287e-02
1.100753424010801271e-02
1.117464470003832686e-02
1.134429214102259525e-02
1.151651507814165781e-02
1.169135261119153522e-02
1.186884443356032125e-02
1.204903084123976238e-02
1.223195274197366039e-02
1.241765166454516199e-02
1.260616976820505206e-02
1.279754985224316327e-02
1.299183536570511048e-02
1.318907041725653727e-02
1.338929978519709865e-02
1.359256892762649924e-02
1.379892399276484369e-02
1.400841182942967264e-02
1.422107999767205887e-02
1.443697677957417325e-02
1.465615119021076475e-02
1.487865298877706806e-02
1.510453268988563857e-02
1.533384157503468390e-02
1.556663170425051992e-02
1.580295592790675885e-02
1.604286789872293173e-02
1.628642208394529001e-02
1.653367377771249383e-02
1.678467911360904952e-02
1.703949507740933761e-02
1.729817952001508688e-02
1.756079117058928149e-02
1.782738964988943992e-02
1.809803548380333610e-02
1.837279011709018819e-02
1.865171592733047556e-02
1.893487623908754469e-02
1.922233533828415775e-02
1.951415848679735957e-02
1.981041193727489311e-02
2.011116294817652528e-02
2.041647979904376645e-02
2.072643180600136636e-02
2.104108933749417737e-02
2.136052383026290635e-02
2.168480780556239496e-02
2.201401488562615416e-02
2.234821981038080663e-02
2.268749845441431906e-02
2.303192784420180633e-02
2.338158617559286945e-02
2.373655283156441212e-02
2.409690840024296052e-02
2.446273469320060442e-02
2.483411476402868148e-02
2.521113292719344770e-02
2.559387477717801201e-02
2.598242720791484051e-02
2.637687843251332320e-02
2.677731800328678538e-02
2.718383683208357854e-02
2.759652721092679603e-02
2.801548283296735262e-02
2.844079881375514290e-02
2.887257171283315327e-02
2.931089955565937058e-02
2.975588185586151152e-02
3.020761963782965867e-02
3.066621545965177859e-02
3.113177343639752723e-02
3.160439926375551573e-02
3.208420024202941062e-02
3.257128530049831910e-02
3.306576502214704505e-02
3.356775166877174615e-02
3.407735920646673411e-02
3.459470333149822913e-02
3.511990149657088361e-02
3.565307293749309797e-02
3.619433870024713062e-02
3.674382166847019182e-02
3.730164659135273147e-02
3.786794011196025628e-02
3.844283079598512926e-02
3.902644916093486044e-02
3.961892770576348755e-02
4.022040094095286761e-02
4.083100541905058944e-02
4.145087976567150834e-02
4.208016471096995281e-02
4.271900312158970897e-02
4.336754003309905431e-02
4.402592268291818239e-02
4.469430054374656097e-02
4.537282535749771750e-02
4.606165116974924451e-02
4.676093436471576159e-02
4.747083370075287634e-02
4.819151034640008907e-02
4.892312791697091268e-02
4.966585251169848558e-02
5.041985275144511558e-02
5.118529981698425463e-02
5.196236748786373094e-02
5.275123218185892582e-02
5.355207299502492968e-02
5.436507174235674644e-02
5.519041299906676107e-02
5.602828414248889333e-02
5.687887539461887465e-02
5.774237986530040417e-02
5.861899359606687759e-02
5.950891560464872249e-02
6.041234793015643617e-02
6.132949567894954018e-02
6.226056707120184580e-02
6.320577348817393859e-02
6.416532952020276293e-02
6.513945301542030386e-02
6.612836512921160814e-02
6.713229037442376701e-02
6.815145667233706017e-02
6.918609540440998074e-02
7.023644146480974293e-02
7.130273331374040180e-02
7.238521303158047815e-02
7.348412637384248158e-02
7.459972282696683554e-02
7.573225566496284700e-02
7.688198200690944673e-02
7.804916287532907837e-02
7.923406325544760098e-02
8.043695215535393017e-02
8.165810266707300424e-02
8.289779202856589757e-02
8.415630168667116717e-02
8.543391736100179601e-02
8.673092910881215201e-02
8.804763139084965939e-02
8.938432313820637853e-02
9.074130782018526020e-02
9.211889351319690888e-02
9.351739297070212065e-02
9.493712369421643260e-02
9.637840800539247688e-02
9.784157311919672306e-02
9.932695121819713757e-02
1.008348795279786214e-01
1.023657003937034071e-01
1.039197613578337204e-01
1.054974152390343450e-01
1.070990202122731466e-01
1.087249398901375674e-01
1.103755434053856344e-01
1.120512054947502001e-01
1.137523065840155001e-01
1.154792328743852597e-01
1.172323764301620164e-01
1.190121352677575017e-01
1.208189134460543601e-01
1.226531211581397274e-01
1.245151748244313905e-01
1.264054971872177746e-01
1.283245174066331984e-01
1.302726711580901309e-01
1.322504007311906260e-01
1.342581551301394172e-01
1.362963901756814311e-01
1.383655686085867864e-01
1.404661601947068128e-01
1.425986418316252669e-01
1.447634976569282250e-01
1.469612191581181060e-01
1.491923052841959141e-01
1.514572625589379329e-01
1.537566051958917102e-01
1.560908552151181738e-01
1.584605425617056917e-01
1.608662052260837472e-01
1.633083893661632369e-01
1.657876494313301197e-01
1.683045482883226418e-01
1.708596573490188675e-01
1.734535567001644352e-01
1.760868352350697663e-01
1.787600907873064526e-01
1.814739302664336862e-01
1.842289697957848471e-01
1.870258348523461123e-01
1.898651604087586708e-01
1.927475910774764933e-01
1.956737812571129054e-01
1.986443952810086899e-01
2.016601075680559130e-01
2.047216027758111956e-01
2.078295759559336264e-01
2.109847327119825089e-01
2.141877893596106086e-01
2.174394730891893446e-01
2.207405221309028942e-01
2.240916859223487934e-01
2.274937252786827513e-01
2.309474125653467047e-01
2.344535318734189411e-01
2.380128791976265090e-01
2.416262626170598837e-01
2.452945024786314099e-01
2.490184315833186557e-01
2.527988953752353662e-01
2.566367521335727320e-01
2.605328731674547149e-01
2.644881430137513978e-01
2.685034596378954030e-01
2.725797346377473729e-01
2.767178934505559185e-01
2.809188755630597778e-01
2.851836347247797554e-01
2.895131391645485164e-01
2.939083718103276399e-01
2.983703305123620031e-01
3.029000282697217328e-01
3.074984934602837394e-01
3.121667700742040696e-01
3.169059179509356450e-01
3.217170130198434008e-01
3.266011475444726142e-01
3.315594303705260426e-01
3.365929871776048299e-01
3.417029607347720765e-01
3.468905111599955848e-01
3.521568161835297861e-01
3.575030714152958589e-01
3.629304906163212663e-01
3.684403059743000530e-01
3.740337683833366844e-01
3.797121477279365442e-01
3.854767331713079836e-01
3.913288334480414243e-01
3.972697771612312967e-01
4.033009130841091472e-01
4.094236104662556386e-01
4.156392593444617201e-01
4.219492708583085228e-01
4.283550775705384228e-01
4.348581337922914902e-01
4.414599159132754913e-01
4.481619227369523784e-01
4.549656758208117102e-01
4.618727198218097185e-01
4.688846228470531230e-01
4.760029768098066882e-01
4.832293977909056237e-01
4.905655264056543730e-01
4.980130281762958355e-01
5.055735939101352328e-01
5.132489400834042703e-01
5.210408092309525285e-01
5.289509703418562303e-01
5.369812192610311508e-01
5.451333790969442594e-01
5.534093006355138566e-01
5.618108627602937943e-01
5.703399728790367051e-01
5.789985673567330515e-01
5.877886119552245825e-01
5.967121022794907859e-01
6.057710642307122528e-01
6.149675544662103199e-01
6.243036608663713460e-01
6.337815030086574319e-01
6.434032326488150488e-01
6.531710342093880461e-01
6.630871252756479484e-01
6.731537570990516750e-01
6.833732151083443673e-01
6.937478194284201205e-01
7.042799254070604142e-01
7.149719241496689248e-01
7.258262430621245098e-01
7.368453464018754895e-01
7.480317358374003467e-01
7.593879510161619661e-01
7.709165701411838656e-01
7.826202105563803135e-01
7.945015293407718948e-01
8.065632239117228597e-01
8.188080326373358142e-01
8.312387354581439736e-01
8.438581545182415322e-01
8.566691548059952588e-01
8.696746448044828659e-01
8.828775771518072579e-01
8.962809493114330950e-01
9.098878042527023258e-01
9.237012311416794574e-01
9.377243660424854355e-01
9.519603926292785623e-01
9.664125429090447694e-01
9.810840979553602237e-01
9.959783886532940222e-01
1.011098796455619730e+00
1.026448754150506515e+00
1.042031746640866174e+00
1.057851311735530597e+00
1.073911040952440610e+00
1.090214580334029959e+00
1.106765631274984951e+00
1.123567951362576478e+00
1.140625355229739846e+00
1.157941715421115347e+00
1.175520963272231656e+00
1.193367089802037651e+00
1.211484146618982960e+00
1.229876246840856613e+00
1.248547566028587408e+00
1.267502343134223164e+00
1.286744881463299572e+00
1.306279549651820915e+00
1.326110782658072029e+00
1.346243082769486676e+00
1.366681020624803677e+00
1.387429236251738418e+00
1.408492440120410194e+00
1.429875414212759654e+00
1.451583013108203701e+00
1.473620165085770539e+00
1.495991873242968007e+00
1.518703216631637654e+00
1.541759351411051693e+00
1.565165512018517946e+00
1.588927012357752799e+00
1.613049247005299502e+00
1.637537692435258263e+00
1.662397908262611468e+00
1.687635538505423805e+00
1.713256312866204167e+00
1.739266048032720446e+00
1.765670648998564074e+00
1.792476110403760314e+00
1.819688517895732494e+00
1.847314049510928147e+00
1.875358977077417943e+00
1.903829667638790912e+00
1.932732584899664818e+00
1.962074290693141654e+00
1.991861446470541308e+00
2.022100814813752478e+00
2.052799260970541884e+00
2.083963754413172609e+00
2.115601370420683747e+00
2.147719291685193710e+00
2.180324809942585151e+00
2.213425327627950523e+00
2.247028359556167754e+00
2.281141534627988854e+00
2.315772597562030910e+00
2.350929410653060714e+00
2.386619955556970041e+00
2.422852335102861687e+00
2.459634775132615303e+00
2.496975626368429513e+00
2.534883366308657404e+00
2.573366601152484279e+00
2.612434067753763411e+00
2.652094635604576478e+00
2.692357308848843722e+00
2.733231228326568729e+00
2.774725673649049540e+00
2.816850065305668060e+00
2.859613966802584173e+00
2.903027086833982473e+00
2.947099281486194489e+00
2.991840556475372281e+00
3.037261069419041615e+00
3.083371132142232796e+00
3.130181213018531583e+00
3.177701939346758486e+00
3.225944099763641937e+00
3.274918646693209201e+00
3.324636698833270732e+00
3.375109543679745805e+00
3.426348640089217135e+00
3.478365620880484954e+00
3.531172295475517586e+00
3.584780652580596971e+00
3.639202862908065494e+00
3.694451281939493903e+00
3.750538452730699301e+00
3.807477108759445894e+00
3.865280176816277002e+00
3.923960779939339449e+00
3.983532240393653723e+00
4.044008082695724760e+00
4.105402036683959643e+00
4.167728040635811482e+00
4.231000244432126856e+00
4.295233012769660519e+00
4.360440928422229412e+00
4.426638795551504302e+00
4.493841643067937319e+00
4.562064728042844131e+00
4.631323539172151449e+00
4.701633800292861487e+00
4.773011473952776029e+00
4.845472765034528173e+00
4.919034124434559452e+00
4.993712252797938511e+00
5.069524104309974355e+00
5.146486890545253878e+00
5.224618084375264537e+00
5.303935423935183913e+00
5.384456916651050307e+00
5.466200843327910341e+00
5.549185762300194114e+00
5.633430513644936077e+00
5.718954223459118857e+00
5.805776308201793690e+00
5.893916479102284889e+00
5.983394746635148032e+00
6.074231425063232770e+00
6.166447137049554605e+00
6.260062818339337198e+00
6.355099722512979277e+00
6.451579425811339696e+00
6.549523832034107151e+00
6.648955177512714698e+00
6.749896036158562040e+00
6.852369324588069688e+00
6.956398307325344810e+00
7.062006602084026419e+00
7.169218185129119014e+00
7.278057396720429395e+00
7.388548946638433534e+00
7.500717919794249511e+00
7.614589781924557599e+00
7.730190385373200357e+00
7.847545974960336679e+00
7.966683193940911067e+00
8.087629090053367165e+00
8.210411121660417422e+00
8.335057163982790840e+00
8.461595515427879022e+00
8.590054904014200687e+00
8.720464493893649305e+00
8.852853891972513267e+00
8.987253154633256358e+00
9.123692794558103003e+00
9.262203787656458687e+00
9.402817580097245553e+00
9.545566095448261734e+00
9.690481741923665737e+00
9.837597419741742399e+00
9.986946528594117467e+00
1.013856297522862171e+01
1.029248118114701604e+01
1.044873609041984075e+01
1.060736317761963576e+01
1.076839845587487865e+01
1.093187848504590498e+01
1.109784038002525008e+01
1.126632181916368758e+01
1.143736105282451376e+01
1.161099691206737283e+01
1.178726881746423594e+01
1.196621678804889477e+01
1.214788145040265910e+01
1.233230404787763845e+01
1.251952644996038266e+01
1.270959116177744974e+01
1.290254133374528145e+01
1.309842077136680949e+01
1.329727394517643901e+01
1.349914600083638305e+01
1.370408276938590753e+01
1.391213077764654038e+01
1.412333725878487378e+01
1.433775016303611061e+01
1.455541816859001614e+01
1.477639069264253102e+01
1.500071790261476146e+01
1.522845072754270568e+01
1.545964086963946293e+01
1.569434081603341546e+01
1.593260385068416340e+01
1.617448406647981329e+01
1.642003637751747291e+01
1.666931653157062243e+01
1.692238112274532114e+01
1.717928760432900503e+01
1.744009430183386300e+01
1.770486042623875633e+01
1.797364608743161085e+01
1.824651230785646305e+01
1.852352103636710723e+01
1.880473516229162456e+01
1.909021852970989386e+01
1.938003595194838624e+01
1.967425322629446782e+01
1.997293714893464767e+01
2.027615553011904481e+01
2.058397720955663246e+01
2.089647207204365031e+01
2.121371106332985335e+01
2.153576620622502347e+01
2.186271061695062556e+01
2.219461852173909477e+01
2.253156527368572171e+01
2.287362736985578593e+01
2.322088246865198613e+01
2.357340940744492741e+01
2.393128822047190951e+01
2.429460015700677999e+01
2.466342769980628802e+01
2.503785458383583773e+01
2.541796581528017640e+01
2.580384769084200869e+01
2.619558781733432795e+01
2.659327513156940270e+01
2.699699992055051467e+01
2.740685384196943630e+01
2.782292994501588268e+01
2.824532269150207142e+01
2.867412797730881735e+01
2.910944315415638073e+01
2.955136705170663802e+01
2.999999999999998934e+01
